{
 "cells": [
  {
   "cell_type": "markdown",
   "metadata": {},
   "source": [
    "# Naive Bayes 실습"
   ]
  },
  {
   "cell_type": "markdown",
   "metadata": {},
   "source": [
    "# 1. Gaussian Naive Bayes"
   ]
  },
  {
   "cell_type": "markdown",
   "metadata": {},
   "source": [
    "- 데이터, 모듈 불러오기"
   ]
  },
  {
   "cell_type": "code",
   "execution_count": 35,
   "metadata": {},
   "outputs": [],
   "source": [
    "from sklearn import datasets\n",
    "from sklearn.naive_bayes import GaussianNB\n",
    "from sklearn import metrics\n",
    "from sklearn.metrics import confusion_matrix\n",
    "from sklearn.metrics import accuracy_score, roc_auc_score, roc_curve\n",
    "import statsmodels.api as sm"
   ]
  },
  {
   "cell_type": "code",
   "execution_count": 9,
   "metadata": {},
   "outputs": [],
   "source": [
    "import pandas as pd"
   ]
  },
  {
   "cell_type": "code",
   "execution_count": 68,
   "metadata": {},
   "outputs": [
    {
     "data": {
      "text/plain": [
       "{'data': array([[5.1, 3.5, 1.4, 0.2],\n",
       "        [4.9, 3. , 1.4, 0.2],\n",
       "        [4.7, 3.2, 1.3, 0.2],\n",
       "        [4.6, 3.1, 1.5, 0.2],\n",
       "        [5. , 3.6, 1.4, 0.2],\n",
       "        [5.4, 3.9, 1.7, 0.4],\n",
       "        [4.6, 3.4, 1.4, 0.3],\n",
       "        [5. , 3.4, 1.5, 0.2],\n",
       "        [4.4, 2.9, 1.4, 0.2],\n",
       "        [4.9, 3.1, 1.5, 0.1],\n",
       "        [5.4, 3.7, 1.5, 0.2],\n",
       "        [4.8, 3.4, 1.6, 0.2],\n",
       "        [4.8, 3. , 1.4, 0.1],\n",
       "        [4.3, 3. , 1.1, 0.1],\n",
       "        [5.8, 4. , 1.2, 0.2],\n",
       "        [5.7, 4.4, 1.5, 0.4],\n",
       "        [5.4, 3.9, 1.3, 0.4],\n",
       "        [5.1, 3.5, 1.4, 0.3],\n",
       "        [5.7, 3.8, 1.7, 0.3],\n",
       "        [5.1, 3.8, 1.5, 0.3],\n",
       "        [5.4, 3.4, 1.7, 0.2],\n",
       "        [5.1, 3.7, 1.5, 0.4],\n",
       "        [4.6, 3.6, 1. , 0.2],\n",
       "        [5.1, 3.3, 1.7, 0.5],\n",
       "        [4.8, 3.4, 1.9, 0.2],\n",
       "        [5. , 3. , 1.6, 0.2],\n",
       "        [5. , 3.4, 1.6, 0.4],\n",
       "        [5.2, 3.5, 1.5, 0.2],\n",
       "        [5.2, 3.4, 1.4, 0.2],\n",
       "        [4.7, 3.2, 1.6, 0.2],\n",
       "        [4.8, 3.1, 1.6, 0.2],\n",
       "        [5.4, 3.4, 1.5, 0.4],\n",
       "        [5.2, 4.1, 1.5, 0.1],\n",
       "        [5.5, 4.2, 1.4, 0.2],\n",
       "        [4.9, 3.1, 1.5, 0.2],\n",
       "        [5. , 3.2, 1.2, 0.2],\n",
       "        [5.5, 3.5, 1.3, 0.2],\n",
       "        [4.9, 3.6, 1.4, 0.1],\n",
       "        [4.4, 3. , 1.3, 0.2],\n",
       "        [5.1, 3.4, 1.5, 0.2],\n",
       "        [5. , 3.5, 1.3, 0.3],\n",
       "        [4.5, 2.3, 1.3, 0.3],\n",
       "        [4.4, 3.2, 1.3, 0.2],\n",
       "        [5. , 3.5, 1.6, 0.6],\n",
       "        [5.1, 3.8, 1.9, 0.4],\n",
       "        [4.8, 3. , 1.4, 0.3],\n",
       "        [5.1, 3.8, 1.6, 0.2],\n",
       "        [4.6, 3.2, 1.4, 0.2],\n",
       "        [5.3, 3.7, 1.5, 0.2],\n",
       "        [5. , 3.3, 1.4, 0.2],\n",
       "        [7. , 3.2, 4.7, 1.4],\n",
       "        [6.4, 3.2, 4.5, 1.5],\n",
       "        [6.9, 3.1, 4.9, 1.5],\n",
       "        [5.5, 2.3, 4. , 1.3],\n",
       "        [6.5, 2.8, 4.6, 1.5],\n",
       "        [5.7, 2.8, 4.5, 1.3],\n",
       "        [6.3, 3.3, 4.7, 1.6],\n",
       "        [4.9, 2.4, 3.3, 1. ],\n",
       "        [6.6, 2.9, 4.6, 1.3],\n",
       "        [5.2, 2.7, 3.9, 1.4],\n",
       "        [5. , 2. , 3.5, 1. ],\n",
       "        [5.9, 3. , 4.2, 1.5],\n",
       "        [6. , 2.2, 4. , 1. ],\n",
       "        [6.1, 2.9, 4.7, 1.4],\n",
       "        [5.6, 2.9, 3.6, 1.3],\n",
       "        [6.7, 3.1, 4.4, 1.4],\n",
       "        [5.6, 3. , 4.5, 1.5],\n",
       "        [5.8, 2.7, 4.1, 1. ],\n",
       "        [6.2, 2.2, 4.5, 1.5],\n",
       "        [5.6, 2.5, 3.9, 1.1],\n",
       "        [5.9, 3.2, 4.8, 1.8],\n",
       "        [6.1, 2.8, 4. , 1.3],\n",
       "        [6.3, 2.5, 4.9, 1.5],\n",
       "        [6.1, 2.8, 4.7, 1.2],\n",
       "        [6.4, 2.9, 4.3, 1.3],\n",
       "        [6.6, 3. , 4.4, 1.4],\n",
       "        [6.8, 2.8, 4.8, 1.4],\n",
       "        [6.7, 3. , 5. , 1.7],\n",
       "        [6. , 2.9, 4.5, 1.5],\n",
       "        [5.7, 2.6, 3.5, 1. ],\n",
       "        [5.5, 2.4, 3.8, 1.1],\n",
       "        [5.5, 2.4, 3.7, 1. ],\n",
       "        [5.8, 2.7, 3.9, 1.2],\n",
       "        [6. , 2.7, 5.1, 1.6],\n",
       "        [5.4, 3. , 4.5, 1.5],\n",
       "        [6. , 3.4, 4.5, 1.6],\n",
       "        [6.7, 3.1, 4.7, 1.5],\n",
       "        [6.3, 2.3, 4.4, 1.3],\n",
       "        [5.6, 3. , 4.1, 1.3],\n",
       "        [5.5, 2.5, 4. , 1.3],\n",
       "        [5.5, 2.6, 4.4, 1.2],\n",
       "        [6.1, 3. , 4.6, 1.4],\n",
       "        [5.8, 2.6, 4. , 1.2],\n",
       "        [5. , 2.3, 3.3, 1. ],\n",
       "        [5.6, 2.7, 4.2, 1.3],\n",
       "        [5.7, 3. , 4.2, 1.2],\n",
       "        [5.7, 2.9, 4.2, 1.3],\n",
       "        [6.2, 2.9, 4.3, 1.3],\n",
       "        [5.1, 2.5, 3. , 1.1],\n",
       "        [5.7, 2.8, 4.1, 1.3],\n",
       "        [6.3, 3.3, 6. , 2.5],\n",
       "        [5.8, 2.7, 5.1, 1.9],\n",
       "        [7.1, 3. , 5.9, 2.1],\n",
       "        [6.3, 2.9, 5.6, 1.8],\n",
       "        [6.5, 3. , 5.8, 2.2],\n",
       "        [7.6, 3. , 6.6, 2.1],\n",
       "        [4.9, 2.5, 4.5, 1.7],\n",
       "        [7.3, 2.9, 6.3, 1.8],\n",
       "        [6.7, 2.5, 5.8, 1.8],\n",
       "        [7.2, 3.6, 6.1, 2.5],\n",
       "        [6.5, 3.2, 5.1, 2. ],\n",
       "        [6.4, 2.7, 5.3, 1.9],\n",
       "        [6.8, 3. , 5.5, 2.1],\n",
       "        [5.7, 2.5, 5. , 2. ],\n",
       "        [5.8, 2.8, 5.1, 2.4],\n",
       "        [6.4, 3.2, 5.3, 2.3],\n",
       "        [6.5, 3. , 5.5, 1.8],\n",
       "        [7.7, 3.8, 6.7, 2.2],\n",
       "        [7.7, 2.6, 6.9, 2.3],\n",
       "        [6. , 2.2, 5. , 1.5],\n",
       "        [6.9, 3.2, 5.7, 2.3],\n",
       "        [5.6, 2.8, 4.9, 2. ],\n",
       "        [7.7, 2.8, 6.7, 2. ],\n",
       "        [6.3, 2.7, 4.9, 1.8],\n",
       "        [6.7, 3.3, 5.7, 2.1],\n",
       "        [7.2, 3.2, 6. , 1.8],\n",
       "        [6.2, 2.8, 4.8, 1.8],\n",
       "        [6.1, 3. , 4.9, 1.8],\n",
       "        [6.4, 2.8, 5.6, 2.1],\n",
       "        [7.2, 3. , 5.8, 1.6],\n",
       "        [7.4, 2.8, 6.1, 1.9],\n",
       "        [7.9, 3.8, 6.4, 2. ],\n",
       "        [6.4, 2.8, 5.6, 2.2],\n",
       "        [6.3, 2.8, 5.1, 1.5],\n",
       "        [6.1, 2.6, 5.6, 1.4],\n",
       "        [7.7, 3. , 6.1, 2.3],\n",
       "        [6.3, 3.4, 5.6, 2.4],\n",
       "        [6.4, 3.1, 5.5, 1.8],\n",
       "        [6. , 3. , 4.8, 1.8],\n",
       "        [6.9, 3.1, 5.4, 2.1],\n",
       "        [6.7, 3.1, 5.6, 2.4],\n",
       "        [6.9, 3.1, 5.1, 2.3],\n",
       "        [5.8, 2.7, 5.1, 1.9],\n",
       "        [6.8, 3.2, 5.9, 2.3],\n",
       "        [6.7, 3.3, 5.7, 2.5],\n",
       "        [6.7, 3. , 5.2, 2.3],\n",
       "        [6.3, 2.5, 5. , 1.9],\n",
       "        [6.5, 3. , 5.2, 2. ],\n",
       "        [6.2, 3.4, 5.4, 2.3],\n",
       "        [5.9, 3. , 5.1, 1.8]]),\n",
       " 'target': array([0, 0, 0, 0, 0, 0, 0, 0, 0, 0, 0, 0, 0, 0, 0, 0, 0, 0, 0, 0, 0, 0,\n",
       "        0, 0, 0, 0, 0, 0, 0, 0, 0, 0, 0, 0, 0, 0, 0, 0, 0, 0, 0, 0, 0, 0,\n",
       "        0, 0, 0, 0, 0, 0, 1, 1, 1, 1, 1, 1, 1, 1, 1, 1, 1, 1, 1, 1, 1, 1,\n",
       "        1, 1, 1, 1, 1, 1, 1, 1, 1, 1, 1, 1, 1, 1, 1, 1, 1, 1, 1, 1, 1, 1,\n",
       "        1, 1, 1, 1, 1, 1, 1, 1, 1, 1, 1, 1, 2, 2, 2, 2, 2, 2, 2, 2, 2, 2,\n",
       "        2, 2, 2, 2, 2, 2, 2, 2, 2, 2, 2, 2, 2, 2, 2, 2, 2, 2, 2, 2, 2, 2,\n",
       "        2, 2, 2, 2, 2, 2, 2, 2, 2, 2, 2, 2, 2, 2, 2, 2, 2, 2]),\n",
       " 'frame': None,\n",
       " 'target_names': array(['setosa', 'versicolor', 'virginica'], dtype='<U10'),\n",
       " 'DESCR': '.. _iris_dataset:\\n\\nIris plants dataset\\n--------------------\\n\\n**Data Set Characteristics:**\\n\\n    :Number of Instances: 150 (50 in each of three classes)\\n    :Number of Attributes: 4 numeric, predictive attributes and the class\\n    :Attribute Information:\\n        - sepal length in cm\\n        - sepal width in cm\\n        - petal length in cm\\n        - petal width in cm\\n        - class:\\n                - Iris-Setosa\\n                - Iris-Versicolour\\n                - Iris-Virginica\\n                \\n    :Summary Statistics:\\n\\n    ============== ==== ==== ======= ===== ====================\\n                    Min  Max   Mean    SD   Class Correlation\\n    ============== ==== ==== ======= ===== ====================\\n    sepal length:   4.3  7.9   5.84   0.83    0.7826\\n    sepal width:    2.0  4.4   3.05   0.43   -0.4194\\n    petal length:   1.0  6.9   3.76   1.76    0.9490  (high!)\\n    petal width:    0.1  2.5   1.20   0.76    0.9565  (high!)\\n    ============== ==== ==== ======= ===== ====================\\n\\n    :Missing Attribute Values: None\\n    :Class Distribution: 33.3% for each of 3 classes.\\n    :Creator: R.A. Fisher\\n    :Donor: Michael Marshall (MARSHALL%PLU@io.arc.nasa.gov)\\n    :Date: July, 1988\\n\\nThe famous Iris database, first used by Sir R.A. Fisher. The dataset is taken\\nfrom Fisher\\'s paper. Note that it\\'s the same as in R, but not as in the UCI\\nMachine Learning Repository, which has two wrong data points.\\n\\nThis is perhaps the best known database to be found in the\\npattern recognition literature.  Fisher\\'s paper is a classic in the field and\\nis referenced frequently to this day.  (See Duda & Hart, for example.)  The\\ndata set contains 3 classes of 50 instances each, where each class refers to a\\ntype of iris plant.  One class is linearly separable from the other 2; the\\nlatter are NOT linearly separable from each other.\\n\\n.. topic:: References\\n\\n   - Fisher, R.A. \"The use of multiple measurements in taxonomic problems\"\\n     Annual Eugenics, 7, Part II, 179-188 (1936); also in \"Contributions to\\n     Mathematical Statistics\" (John Wiley, NY, 1950).\\n   - Duda, R.O., & Hart, P.E. (1973) Pattern Classification and Scene Analysis.\\n     (Q327.D83) John Wiley & Sons.  ISBN 0-471-22361-1.  See page 218.\\n   - Dasarathy, B.V. (1980) \"Nosing Around the Neighborhood: A New System\\n     Structure and Classification Rule for Recognition in Partially Exposed\\n     Environments\".  IEEE Transactions on Pattern Analysis and Machine\\n     Intelligence, Vol. PAMI-2, No. 1, 67-71.\\n   - Gates, G.W. (1972) \"The Reduced Nearest Neighbor Rule\".  IEEE Transactions\\n     on Information Theory, May 1972, 431-433.\\n   - See also: 1988 MLC Proceedings, 54-64.  Cheeseman et al\"s AUTOCLASS II\\n     conceptual clustering system finds 3 classes in the data.\\n   - Many, many more ...',\n",
       " 'feature_names': ['sepal length (cm)',\n",
       "  'sepal width (cm)',\n",
       "  'petal length (cm)',\n",
       "  'petal width (cm)'],\n",
       " 'filename': 'C:\\\\Users\\\\bsmon\\\\anaconda3\\\\lib\\\\site-packages\\\\sklearn\\\\datasets\\\\data\\\\iris.csv'}"
      ]
     },
     "execution_count": 68,
     "metadata": {},
     "output_type": "execute_result"
    }
   ],
   "source": [
    "iris = datasets.load_iris()\n",
    "df_X=pd.DataFrame(iris.data)\n",
    "df_Y=pd.DataFrame(iris.target)\n",
    "iris"
   ]
  },
  {
   "cell_type": "code",
   "execution_count": 17,
   "metadata": {
    "scrolled": true
   },
   "outputs": [
    {
     "data": {
      "text/html": [
       "<div>\n",
       "<style scoped>\n",
       "    .dataframe tbody tr th:only-of-type {\n",
       "        vertical-align: middle;\n",
       "    }\n",
       "\n",
       "    .dataframe tbody tr th {\n",
       "        vertical-align: top;\n",
       "    }\n",
       "\n",
       "    .dataframe thead th {\n",
       "        text-align: right;\n",
       "    }\n",
       "</style>\n",
       "<table border=\"1\" class=\"dataframe\">\n",
       "  <thead>\n",
       "    <tr style=\"text-align: right;\">\n",
       "      <th></th>\n",
       "      <th>0</th>\n",
       "      <th>1</th>\n",
       "      <th>2</th>\n",
       "      <th>3</th>\n",
       "    </tr>\n",
       "  </thead>\n",
       "  <tbody>\n",
       "    <tr>\n",
       "      <th>0</th>\n",
       "      <td>5.1</td>\n",
       "      <td>3.5</td>\n",
       "      <td>1.4</td>\n",
       "      <td>0.2</td>\n",
       "    </tr>\n",
       "    <tr>\n",
       "      <th>1</th>\n",
       "      <td>4.9</td>\n",
       "      <td>3.0</td>\n",
       "      <td>1.4</td>\n",
       "      <td>0.2</td>\n",
       "    </tr>\n",
       "    <tr>\n",
       "      <th>2</th>\n",
       "      <td>4.7</td>\n",
       "      <td>3.2</td>\n",
       "      <td>1.3</td>\n",
       "      <td>0.2</td>\n",
       "    </tr>\n",
       "    <tr>\n",
       "      <th>3</th>\n",
       "      <td>4.6</td>\n",
       "      <td>3.1</td>\n",
       "      <td>1.5</td>\n",
       "      <td>0.2</td>\n",
       "    </tr>\n",
       "    <tr>\n",
       "      <th>4</th>\n",
       "      <td>5.0</td>\n",
       "      <td>3.6</td>\n",
       "      <td>1.4</td>\n",
       "      <td>0.2</td>\n",
       "    </tr>\n",
       "  </tbody>\n",
       "</table>\n",
       "</div>"
      ],
      "text/plain": [
       "     0    1    2    3\n",
       "0  5.1  3.5  1.4  0.2\n",
       "1  4.9  3.0  1.4  0.2\n",
       "2  4.7  3.2  1.3  0.2\n",
       "3  4.6  3.1  1.5  0.2\n",
       "4  5.0  3.6  1.4  0.2"
      ]
     },
     "execution_count": 17,
     "metadata": {},
     "output_type": "execute_result"
    }
   ],
   "source": [
    "df_X.head()"
   ]
  },
  {
   "cell_type": "code",
   "execution_count": 18,
   "metadata": {},
   "outputs": [
    {
     "data": {
      "text/html": [
       "<div>\n",
       "<style scoped>\n",
       "    .dataframe tbody tr th:only-of-type {\n",
       "        vertical-align: middle;\n",
       "    }\n",
       "\n",
       "    .dataframe tbody tr th {\n",
       "        vertical-align: top;\n",
       "    }\n",
       "\n",
       "    .dataframe thead th {\n",
       "        text-align: right;\n",
       "    }\n",
       "</style>\n",
       "<table border=\"1\" class=\"dataframe\">\n",
       "  <thead>\n",
       "    <tr style=\"text-align: right;\">\n",
       "      <th></th>\n",
       "      <th>0</th>\n",
       "    </tr>\n",
       "  </thead>\n",
       "  <tbody>\n",
       "    <tr>\n",
       "      <th>0</th>\n",
       "      <td>0</td>\n",
       "    </tr>\n",
       "    <tr>\n",
       "      <th>1</th>\n",
       "      <td>0</td>\n",
       "    </tr>\n",
       "    <tr>\n",
       "      <th>2</th>\n",
       "      <td>0</td>\n",
       "    </tr>\n",
       "    <tr>\n",
       "      <th>3</th>\n",
       "      <td>0</td>\n",
       "    </tr>\n",
       "    <tr>\n",
       "      <th>4</th>\n",
       "      <td>0</td>\n",
       "    </tr>\n",
       "  </tbody>\n",
       "</table>\n",
       "</div>"
      ],
      "text/plain": [
       "   0\n",
       "0  0\n",
       "1  0\n",
       "2  0\n",
       "3  0\n",
       "4  0"
      ]
     },
     "execution_count": 18,
     "metadata": {},
     "output_type": "execute_result"
    }
   ],
   "source": [
    "df_Y.head()"
   ]
  },
  {
   "cell_type": "markdown",
   "metadata": {},
   "source": [
    "- 모델 피팅"
   ]
  },
  {
   "cell_type": "code",
   "execution_count": 51,
   "metadata": {},
   "outputs": [],
   "source": [
    "gnb=GaussianNB()\n",
    "fitted=gnb.fit(iris.data,iris.target)\n",
    "y_pred=fitted.predict(iris.data)"
   ]
  },
  {
   "cell_type": "code",
   "execution_count": 52,
   "metadata": {},
   "outputs": [
    {
     "data": {
      "text/plain": [
       "array([[1.00000000e+000, 1.51480769e-017, 2.34820051e-025],\n",
       "       [1.00000000e+000, 2.63876217e-018, 2.79566024e-025],\n",
       "       [7.27347795e-102, 9.45169639e-001, 5.48303606e-002],\n",
       "       [3.23245181e-254, 6.35381031e-011, 1.00000000e+000]])"
      ]
     },
     "execution_count": 52,
     "metadata": {},
     "output_type": "execute_result"
    }
   ],
   "source": [
    "fitted.predict_proba(iris.data)[[1,48,51,100]]\n",
    "#0,1,2가 될 수 있는 각 확률"
   ]
  },
  {
   "cell_type": "code",
   "execution_count": 53,
   "metadata": {},
   "outputs": [
    {
     "data": {
      "text/plain": [
       "array([0, 0, 1, 2])"
      ]
     },
     "execution_count": 53,
     "metadata": {},
     "output_type": "execute_result"
    }
   ],
   "source": [
    "fitted.predict(iris.data)[[1,48,51,100]]"
   ]
  },
  {
   "cell_type": "markdown",
   "metadata": {},
   "source": [
    "- Confusion matrix 구하기"
   ]
  },
  {
   "cell_type": "code",
   "execution_count": 54,
   "metadata": {},
   "outputs": [],
   "source": [
    "from sklearn.metrics import confusion_matrix"
   ]
  },
  {
   "cell_type": "code",
   "execution_count": 55,
   "metadata": {},
   "outputs": [
    {
     "data": {
      "text/plain": [
       "array([[50,  0,  0],\n",
       "       [ 0, 47,  3],\n",
       "       [ 0,  3, 47]], dtype=int64)"
      ]
     },
     "execution_count": 55,
     "metadata": {},
     "output_type": "execute_result"
    }
   ],
   "source": [
    "cfmat=confusion_matrix(iris.target,y_pred)\n",
    "cfmat"
   ]
  },
  {
   "cell_type": "markdown",
   "metadata": {},
   "source": [
    "- Prior 설정하기(가중치 설정 내가 중요하다고 생각하는 변수)"
   ]
  },
  {
   "cell_type": "code",
   "execution_count": 69,
   "metadata": {},
   "outputs": [
    {
     "data": {
      "text/plain": [
       "array([[50,  0,  0],\n",
       "       [ 0, 33, 17],\n",
       "       [ 0,  0, 50]], dtype=int64)"
      ]
     },
     "execution_count": 69,
     "metadata": {},
     "output_type": "execute_result"
    }
   ],
   "source": [
    "gnb2=GaussianNB(priors=[1/100,1/100,98/100])\n",
    "fitted2=gnb2.fit(iris.data,iris.target)\n",
    "y_pred2=fitted2.predict(iris.data)\n",
    "confusion_matrix(iris.target,y_pred2)"
   ]
  },
  {
   "cell_type": "code",
   "execution_count": 50,
   "metadata": {},
   "outputs": [
    {
     "data": {
      "text/plain": [
       "array([[50,  0,  0],\n",
       "       [ 0, 50,  0],\n",
       "       [ 0, 14, 36]], dtype=int64)"
      ]
     },
     "execution_count": 50,
     "metadata": {},
     "output_type": "execute_result"
    }
   ],
   "source": [
    "gnb2=GaussianNB(priors=[1/100,98/100,1/100])\n",
    "fitted2=gnb2.fit(iris.data,iris.target)\n",
    "y_pred2=fitted2.predict(iris.data)\n",
    "confusion_matrix(iris.target,y_pred2)"
   ]
  },
  {
   "cell_type": "code",
   "execution_count": 45,
   "metadata": {},
   "outputs": [
    {
     "data": {
      "text/plain": [
       "array([[50,  0,  0],\n",
       "       [ 0, 47,  3],\n",
       "       [ 0,  3, 47]], dtype=int64)"
      ]
     },
     "execution_count": 45,
     "metadata": {},
     "output_type": "execute_result"
    }
   ],
   "source": [
    "gnb2=GaussianNB(priors=[98/100,1/100,1/100])\n",
    "fitted2=gnb2.fit(iris.data,iris.target)\n",
    "y_pred2=fitted2.predict(iris.data)\n",
    "confusion_matrix(iris.target,y_pred2)"
   ]
  },
  {
   "cell_type": "markdown",
   "metadata": {},
   "source": [
    "# 2. Multinomial naive bayes"
   ]
  },
  {
   "cell_type": "markdown",
   "metadata": {},
   "source": [
    "- 모듈 불러오기 및 데이터 생성"
   ]
  },
  {
   "cell_type": "code",
   "execution_count": 64,
   "metadata": {},
   "outputs": [],
   "source": [
    "from sklearn.naive_bayes import MultinomialNB"
   ]
  },
  {
   "cell_type": "code",
   "execution_count": 56,
   "metadata": {},
   "outputs": [],
   "source": [
    "import numpy as np"
   ]
  },
  {
   "cell_type": "code",
   "execution_count": 57,
   "metadata": {},
   "outputs": [],
   "source": [
    "X = np.random.randint(5, size=(6, 100))\n",
    "y = np.array([1, 2, 3, 4, 5, 6])"
   ]
  },
  {
   "cell_type": "code",
   "execution_count": 58,
   "metadata": {
    "scrolled": true
   },
   "outputs": [
    {
     "data": {
      "text/plain": [
       "array([[4, 4, 4, 1, 2, 3, 4, 3, 1, 3, 3, 3, 3, 3, 0, 1, 0, 4, 3, 0, 2, 0,\n",
       "        4, 0, 1, 3, 1, 4, 1, 4, 2, 1, 2, 2, 0, 3, 3, 0, 3, 0, 1, 4, 1, 2,\n",
       "        4, 1, 2, 3, 4, 1, 1, 4, 0, 2, 2, 2, 2, 1, 1, 2, 0, 4, 0, 3, 4, 3,\n",
       "        3, 1, 1, 4, 1, 4, 1, 3, 0, 1, 0, 0, 0, 4, 3, 1, 2, 2, 2, 1, 2, 3,\n",
       "        2, 1, 3, 2, 3, 1, 0, 0, 1, 1, 4, 2],\n",
       "       [2, 0, 3, 1, 2, 1, 4, 1, 3, 3, 0, 0, 3, 4, 2, 1, 0, 3, 3, 2, 2, 4,\n",
       "        4, 0, 1, 3, 4, 3, 0, 4, 1, 4, 0, 4, 2, 2, 4, 1, 0, 2, 4, 4, 0, 4,\n",
       "        0, 3, 2, 0, 1, 2, 2, 1, 4, 0, 1, 1, 1, 4, 3, 1, 1, 2, 3, 1, 4, 2,\n",
       "        1, 2, 1, 3, 1, 0, 0, 1, 4, 2, 1, 4, 1, 3, 4, 4, 0, 1, 1, 3, 3, 3,\n",
       "        4, 3, 4, 2, 4, 2, 1, 4, 0, 3, 3, 4],\n",
       "       [3, 4, 4, 1, 0, 3, 2, 3, 3, 3, 4, 2, 4, 4, 2, 1, 0, 4, 4, 4, 1, 0,\n",
       "        1, 4, 4, 3, 0, 1, 3, 2, 1, 4, 4, 1, 4, 1, 1, 2, 1, 4, 4, 4, 2, 2,\n",
       "        0, 2, 3, 2, 0, 0, 3, 3, 2, 3, 2, 0, 1, 2, 3, 2, 3, 0, 0, 4, 1, 4,\n",
       "        1, 1, 3, 0, 0, 3, 2, 2, 1, 4, 4, 0, 1, 0, 4, 1, 1, 3, 3, 0, 2, 0,\n",
       "        0, 3, 3, 2, 3, 2, 2, 3, 2, 2, 3, 4],\n",
       "       [3, 2, 1, 0, 4, 1, 4, 0, 1, 0, 0, 0, 4, 3, 2, 4, 1, 3, 4, 0, 1, 2,\n",
       "        2, 4, 4, 2, 0, 0, 0, 4, 0, 4, 3, 2, 0, 4, 1, 2, 4, 4, 1, 0, 4, 4,\n",
       "        4, 0, 2, 1, 1, 0, 3, 4, 0, 3, 1, 3, 2, 1, 1, 2, 2, 3, 1, 0, 1, 3,\n",
       "        3, 2, 1, 1, 0, 4, 4, 2, 4, 2, 0, 4, 3, 3, 2, 1, 4, 1, 0, 3, 3, 1,\n",
       "        1, 0, 3, 3, 2, 4, 3, 4, 3, 4, 3, 3],\n",
       "       [4, 3, 0, 0, 1, 3, 4, 3, 4, 1, 2, 4, 2, 2, 4, 3, 2, 2, 3, 3, 1, 3,\n",
       "        1, 4, 1, 4, 1, 3, 4, 0, 4, 4, 0, 1, 0, 3, 4, 3, 4, 1, 3, 4, 4, 0,\n",
       "        0, 3, 1, 2, 0, 3, 1, 3, 1, 4, 0, 2, 0, 3, 3, 2, 4, 0, 3, 0, 4, 2,\n",
       "        3, 0, 1, 3, 3, 1, 4, 3, 3, 3, 3, 0, 1, 0, 3, 3, 3, 3, 1, 0, 0, 1,\n",
       "        2, 4, 4, 4, 1, 4, 3, 3, 4, 4, 3, 3],\n",
       "       [3, 3, 4, 0, 2, 4, 3, 1, 2, 0, 3, 2, 3, 2, 1, 3, 0, 3, 4, 4, 2, 0,\n",
       "        4, 3, 4, 3, 0, 2, 4, 0, 4, 3, 3, 3, 1, 0, 0, 1, 4, 1, 3, 3, 2, 1,\n",
       "        3, 0, 3, 0, 2, 0, 2, 2, 1, 3, 2, 1, 2, 0, 1, 2, 3, 2, 0, 2, 0, 0,\n",
       "        4, 1, 0, 4, 1, 1, 4, 3, 2, 1, 4, 1, 2, 2, 0, 3, 0, 3, 4, 0, 2, 2,\n",
       "        1, 1, 4, 2, 1, 3, 3, 0, 3, 0, 4, 2]])"
      ]
     },
     "execution_count": 58,
     "metadata": {},
     "output_type": "execute_result"
    }
   ],
   "source": [
    "X"
   ]
  },
  {
   "cell_type": "code",
   "execution_count": 59,
   "metadata": {},
   "outputs": [
    {
     "data": {
      "text/plain": [
       "array([1, 2, 3, 4, 5, 6])"
      ]
     },
     "execution_count": 59,
     "metadata": {},
     "output_type": "execute_result"
    }
   ],
   "source": [
    "y"
   ]
  },
  {
   "cell_type": "markdown",
   "metadata": {},
   "source": [
    "- Multinomial naive bayes 모델 생성"
   ]
  },
  {
   "cell_type": "code",
   "execution_count": 62,
   "metadata": {},
   "outputs": [
    {
     "data": {
      "text/plain": [
       "MultinomialNB()"
      ]
     },
     "execution_count": 62,
     "metadata": {},
     "output_type": "execute_result"
    }
   ],
   "source": [
    "clf = MultinomialNB()\n",
    "clf.fit(X, y)"
   ]
  },
  {
   "cell_type": "code",
   "execution_count": 66,
   "metadata": {},
   "outputs": [
    {
     "name": "stdout",
     "output_type": "stream",
     "text": [
      "[1 2 3 4 5 6]\n"
     ]
    }
   ],
   "source": [
    "print(clf.predict(X))"
   ]
  },
  {
   "cell_type": "code",
   "execution_count": 67,
   "metadata": {},
   "outputs": [
    {
     "data": {
      "text/plain": [
       "array([[1.00000000e+00, 6.15459414e-31, 4.02313778e-31, 9.06083726e-31,\n",
       "        5.08154883e-36, 7.94071482e-26],\n",
       "       [2.94754284e-32, 1.00000000e+00, 1.65209007e-35, 1.53007682e-34,\n",
       "        1.28542613e-34, 2.82998136e-42],\n",
       "       [4.89581616e-32, 1.01003478e-34, 1.00000000e+00, 4.36147904e-35,\n",
       "        4.28045271e-27, 2.71387115e-24],\n",
       "       [6.22269447e-34, 3.57864073e-37, 2.82030421e-34, 1.00000000e+00,\n",
       "        5.59832654e-36, 1.50535373e-31],\n",
       "       [4.96136406e-38, 1.64626792e-37, 6.56653694e-27, 1.77581129e-36,\n",
       "        1.00000000e+00, 7.94428864e-31],\n",
       "       [4.37183796e-26, 3.32808044e-40, 1.67578630e-23, 9.25514305e-31,\n",
       "        1.28198291e-27, 1.00000000e+00]])"
      ]
     },
     "execution_count": 67,
     "metadata": {},
     "output_type": "execute_result"
    }
   ],
   "source": [
    "clf.predict_proba(X)"
   ]
  },
  {
   "cell_type": "markdown",
   "metadata": {},
   "source": [
    "- prior 변경해보기"
   ]
  },
  {
   "cell_type": "code",
   "execution_count": 76,
   "metadata": {},
   "outputs": [
    {
     "data": {
      "text/plain": [
       "MultinomialNB(class_prior=[0.1, 0.5, 0.1, 0.1, 0.1, 0.1])"
      ]
     },
     "execution_count": 76,
     "metadata": {},
     "output_type": "execute_result"
    }
   ],
   "source": [
    "clf2=MultinomialNB(class_prior=[0.1,0.5,0.1,0.1,0.1,0.1])\n",
    "clf2.fit(X,y)"
   ]
  },
  {
   "cell_type": "code",
   "execution_count": 78,
   "metadata": {},
   "outputs": [
    {
     "data": {
      "text/plain": [
       "array([[1.00000000e+00, 3.07729707e-30, 4.02313778e-31, 9.06083726e-31,\n",
       "        5.08154883e-36, 7.94071482e-26],\n",
       "       [5.89508568e-33, 1.00000000e+00, 3.30418015e-36, 3.06015363e-35,\n",
       "        2.57085227e-35, 5.65996271e-43],\n",
       "       [4.89581616e-32, 5.05017392e-34, 1.00000000e+00, 4.36147904e-35,\n",
       "        4.28045271e-27, 2.71387115e-24],\n",
       "       [6.22269447e-34, 1.78932036e-36, 2.82030421e-34, 1.00000000e+00,\n",
       "        5.59832654e-36, 1.50535373e-31],\n",
       "       [4.96136406e-38, 8.23133961e-37, 6.56653694e-27, 1.77581129e-36,\n",
       "        1.00000000e+00, 7.94428864e-31],\n",
       "       [4.37183796e-26, 1.66404022e-39, 1.67578630e-23, 9.25514305e-31,\n",
       "        1.28198291e-27, 1.00000000e+00]])"
      ]
     },
     "execution_count": 78,
     "metadata": {},
     "output_type": "execute_result"
    }
   ],
   "source": [
    "clf2.predict_proba(X)#weiht를 많이 준 확률이 상승한 것을 확인 가능함 적게 준 확률은 감소함"
   ]
  }
 ],
 "metadata": {
  "kernelspec": {
   "display_name": "Python 3",
   "language": "python",
   "name": "python3"
  },
  "language_info": {
   "codemirror_mode": {
    "name": "ipython",
    "version": 3
   },
   "file_extension": ".py",
   "mimetype": "text/x-python",
   "name": "python",
   "nbconvert_exporter": "python",
   "pygments_lexer": "ipython3",
   "version": "3.8.5"
  }
 },
 "nbformat": 4,
 "nbformat_minor": 2
}
